1.0000000000 0.2989500000
0.9916300000 0.2544400000
0.9803800000 0.2162300000
0.9674000000 0.1755700000
0.9530100000 0.1374900000
0.9376500000 0.1058300000
0.9216700000 0.0796200000
0.9053300000 0.0569200000
0.8887700000 0.0368700000
0.8720900000 0.0190000000
0.8553400000 0.0028400000
0.8385200000 -0.0120500000
0.8216600000 -0.0261500000
0.8047700000 -0.0398400000
0.7878500000 -0.0534600000
0.7709300000 -0.0672300000
0.7540200000 -0.0812900000
0.7371300000 -0.0956800000
0.7202800000 -0.1103100000
0.7034800000 -0.1250400000
0.6867200000 -0.1396600000
0.6700000000 -0.1539300000
0.6533300000 -0.1676000000
0.6366800000 -0.1804500000
0.6200600000 -0.1923300000
0.6034300000 -0.2031200000
0.5868100000 -0.2127800000
0.5701600000 -0.2213400000
0.5534900000 -0.2288400000
0.5367900000 -0.2354700000
0.5200600000 -0.2419600000
0.5033200000 -0.2518000000
0.4865700000 -0.2778300000
0.4698400000 -0.3332700000
0.4531400000 -0.3523900000
0.4365000000 -0.3628800000
0.4199400000 -0.3753000000
0.4034800000 -0.3891400000
0.3871200000 -0.4042700000
0.3708900000 -0.4204200000
0.3547800000 -0.4370400000
0.3387700000 -0.4533400000
0.3228700000 -0.4685100000
0.3070400000 -0.4818000000
0.2912700000 -0.4927000000
0.2755200000 -0.5009300000
0.2597800000 -0.5066100000
0.2440100000 -0.5101800000
0.2282000000 -0.5125100000
0.2123600000 -0.5148600000
0.1964900000 -0.5187700000
0.1806500000 -0.5259300000
0.1649200000 -0.5379100000
0.1494100000 -0.5557700000
0.1343000000 -0.5798100000
0.1197500000 -0.6094400000
0.1059500000 -0.6431700000
0.0930700000 -0.6785900000
0.0812300000 -0.7125900000
0.0705300000 -0.7418800000
0.0609800000 -0.7637900000
0.0525400000 -0.7767100000
0.0451500000 -0.7801700000
0.0387000000 -0.7745800000
0.0330700000 -0.7607300000
0.0281500000 -0.7394600000
0.0238400000 -0.7114000000
0.0200600000 -0.6768200000
0.0167300000 -0.6355200000
0.0137800000 -0.5867200000
0.0111800000 -0.5290200000
0.0088900000 -0.4601500000
0.0068800000 -0.3769800000
0.0051300000 -0.2752800000
0.0036300000 -0.1502800000
0.0023900000 0.0022800000
0.0014000000 0.1826700000
0.0006800000 0.3830000000
0.0002200000 0.5828800000
0.0000200000 0.7565100000
0.0000400000 0.8838800000
0.0002700000 0.9655600000
0.0007400000 0.9989300000
0.0014400000 0.9871500000
0.0023800000 0.9381500000
0.0035700000 0.8631000000
0.0050200000 0.7720700000
0.0067200000 0.6745800000
0.0086900000 0.5762900000
0.0109500000 0.4818500000
0.0135300000 0.3932200000
0.0164500000 0.3116500000
0.0197600000 0.2373800000
0.0235400000 0.1702700000
0.0278300000 0.1099300000
0.0327600000 0.0558900000
0.0384100000 0.0076800000
0.0449200000 -0.0350800000
0.0524200000 -0.0726600000
0.0610200000 -0.1052600000
0.0707900000 -0.1330100000
0.0817200000 -0.1561600000
0.0937200000 -0.1750900000
0.1066500000 -0.1904000000
0.1203200000 -0.2027900000
0.1345700000 -0.2129000000
0.1492400000 -0.2212300000
0.1642300000 -0.2280600000
0.1794400000 -0.2334600000
0.1948300000 -0.2373800000
0.2103500000 -0.2397000000
0.2259900000 -0.2403100000
0.2417300000 -0.2391700000
0.2575800000 -0.2363300000
0.2735200000 -0.2319600000
0.2895800000 -0.2263200000
0.3057400000 -0.2197600000
0.3220100000 -0.2126700000
0.3383800000 -0.2054000000
0.3548500000 -0.1983200000
0.3713900000 -0.1916800000
0.3880000000 -0.1856800000
0.4046400000 -0.1804100000
0.4213000000 -0.1758500000
0.4379700000 -0.1718900000
0.4546300000 -0.1683500000
0.4712600000 -0.1649700000
0.4878800000 -0.1615100000
0.5044700000 -0.1577000000
0.5210500000 -0.1533600000
0.5376300000 -0.1483600000
0.5542200000 -0.1427000000
0.5708400000 -0.1364300000
0.5874800000 -0.1297100000
0.6041600000 -0.1227000000
0.6208700000 -0.1156200000
0.6376200000 -0.1086100000
0.6544000000 -0.1018100000
0.6711800000 -0.0952700000
0.6879700000 -0.0889700000
0.7047300000 -0.0828500000
0.7214600000 -0.0767700000
0.7381500000 -0.0706200000
0.7548200000 -0.0642800000
0.7714600000 -0.0577400000
0.7880900000 -0.0511100000
0.8047500000 -0.0446000000
0.8214500000 -0.0384400000
0.8382000000 -0.0327700000
0.8550200000 -0.0277500000
0.8718800000 -0.0122800000
0.8887200000 0.0359000000
0.9054600000 0.0661800000
0.9219700000 0.0806700000
0.9380300000 0.0898900000
0.9533200000 0.1020900000
0.9675600000 0.1246800000
0.9804400000 0.1602000000
0.9916600000 0.2053200000
1.0000000000 0.2989500000
