ADAPTIVE_OPT
1.0000000000 -0.0000000000
0.9999383162 0.0000073674
0.9997532802 0.0000294943
0.9994449375 0.0000664537
0.9990133642 0.0001183646
0.9984586669 0.0001853875
0.9977809823 0.0002677200
0.9969804777 0.0003655912
0.9960573507 0.0004792570
0.9950118289 0.0006089953
0.9938441703 0.0007551024
0.9925546631 0.0009178890
0.9911436254 0.0010976747
0.9896114053 0.0012947814
0.9879583810 0.0015095201
0.9861849602 0.0017421746
0.9842915806 0.0019929768
0.9822787092 0.0022620782
0.9801468428 0.0025495182
0.9778965074 0.0028551939
0.9755282581 0.0031788377
0.9730426794 0.0035200058
0.9704403845 0.0038780847
0.9677220154 0.0042523148
0.9648882429 0.0046418313
0.9619397663 0.0050457171
0.9588773128 0.0054630614
0.9557016383 0.0058930146
0.9524135262 0.0063348341
0.9490137879 0.0067879127
0.9455032621 0.0072517894
0.9418828150 0.0077261418
0.9381533400 0.0082107638
0.9343157572 0.0087055344
0.9303710135 0.0092103823
0.9263200822 0.0097252526
0.9221639628 0.0102500795
0.9179036807 0.0107847670
0.9135402871 0.0113291785
0.9090748587 0.0118831349
0.9045084972 0.0124464185
0.8998423292 0.0130187822
0.8950775062 0.0135999600
0.8902152037 0.0141896788
0.8852566214 0.0147876691
0.8802029828 0.0153936737
0.8750555348 0.0160074543
0.8698155475 0.0166287963
0.8644843137 0.0172575111
0.8590631489 0.0178934367
0.8535533906 0.0185364364
0.8479563983 0.0191863973
0.8422735530 0.0198432266
0.8365062568 0.0205068479
0.8306559327 0.0211771968
0.8247240242 0.0218542153
0.8187119949 0.0225378466
0.8126213282 0.0232280290
0.8064535268 0.0239246889
0.8002101127 0.0246277349
0.7938926261 0.0253370501
0.7875026260 0.0260524855
0.7810416889 0.0267738527
0.7745114090 0.0275009175
0.7679133975 0.0282333936
0.7612492824 0.0289709370
0.7545207079 0.0297131419
0.7477293342 0.0304595366
0.7408768371 0.0312095822
0.7339649071 0.0319626717
0.7269952499 0.0327181315
0.7199695849 0.0334752242
0.7128896458 0.0342331538
0.7057571793 0.0349910722
0.6985739453 0.0357480878
0.6913417162 0.0365032756
0.6840622763 0.0372556887
0.6767374219 0.0380043712
0.6693689601 0.0387483713
0.6619587091 0.0394867562
0.6545084972 0.0402186255
0.6470201626 0.0409431254
0.6394955530 0.0416594619
0.6319365250 0.0423669129
0.6243449436 0.0430648382
0.6167226819 0.0437526886
0.6090716207 0.0444300118
0.6013936477 0.0450964560
0.5936906573 0.0457517714
0.5859645501 0.0463958077
0.5782172325 0.0470285094
0.5704506160 0.0476499082
0.5626666168 0.0482601123
0.5548671555 0.0488592931
0.5470541567 0.0494476697
0.5392295479 0.0500254915
0.5313952598 0.0505930193
0.5235532254 0.0511505046
0.5157053795 0.0516981697
0.5078536587 0.0522361866
0.5000000000 0.0527646567
0.4921463413 0.0532835923
0.4842946205 0.0537928989
0.4764467746 0.0542923606
0.4686047402 0.0547816270
0.4607704521 0.0552602043
0.4529458433 0.0557274494
0.4451328445 0.0561825679
0.4373333832 0.0566246153
0.4295493840 0.0570525032
0.4217827675 0.0574650088
0.4140354499 0.0578607884
0.4063093427 0.0582383944
0.3986063523 0.0585962962
0.3909283793 0.0589329030
0.3832773181 0.0592465901
0.3756550564 0.0595357265
0.3680634750 0.0597987035
0.3605044470 0.0600339649
0.3529798374 0.0602400360
0.3454915028 0.0604155529
0.3380412909 0.0605592891
0.3306310399 0.0606701816
0.3232625781 0.0607473526
0.3159377237 0.0607901286
0.3086582838 0.0607980564
0.3014260547 0.0607709128
0.2942428207 0.0607087123
0.2871103542 0.0606117073
0.2800304151 0.0604803854
0.2730047501 0.0603154608
0.2660350929 0.0601178609
0.2591231629 0.0598887082
0.2522706658 0.0596292986
0.2454792921 0.0593410751
0.2387507176 0.0590255986
0.2320866025 0.0586845161
0.2254885910 0.0583195269
0.2189583111 0.0579323479
0.2124973740 0.0575246780
0.2061073739 0.0570981633
0.1997898873 0.0566543638
0.1935464732 0.0561947213
0.1873786718 0.0557205309
0.1812880051 0.0552329151
0.1752759758 0.0547328027
0.1693440673 0.0542209113
0.1634937432 0.0536977352
0.1577264470 0.0531635383
0.1520436017 0.0526183519
0.1464466094 0.0520619783
0.1409368511 0.0514939990
0.1355156863 0.0509137882
0.1301844525 0.0503205306
0.1249444652 0.0497132431
0.1197970172 0.0490908012
0.1147433786 0.0484519667
0.1097847963 0.0477954188
0.1049224938 0.0471197866
0.1001576708 0.0464236823
0.0954915028 0.0457057345
0.0909251413 0.0449646208
0.0864597129 0.0441990993
0.0820963193 0.0434080382
0.0778360372 0.0425904424
0.0736799178 0.0417454776
0.0696289865 0.0408724906
0.0656842428 0.0399710258
0.0618466600 0.0390408380
0.0581171850 0.0380819006
0.0544967379 0.0370944096
0.0509862121 0.0360787836
0.0475864738 0.0350356597
0.0442983617 0.0339658848
0.0411226872 0.0328705040
0.0380602337 0.0317507454
0.0351117571 0.0306080008
0.0322779846 0.0294438055
0.0295596155 0.0282598132
0.0269573206 0.0270577713
0.0244717419 0.0258394923
0.0221034926 0.0246068250
0.0198531572 0.0233616235
0.0177212908 0.0221057161
0.0157084194 0.0208408723
0.0138150398 0.0195687692
0.0120416190 0.0182909572
0.0103885947 0.0170088244
0.0088563746 0.0157235596
0.0074453369 0.0144361133
0.0061558297 0.0131471568
0.0049881711 0.0118570371
0.0039426493 0.0105657275
0.0030195223 0.0092727705
0.0022190177 0.0079772106
0.0015413331 0.0066775095
0.0009866358 0.0053714338
0.0005550625 0.0040558926
0.0002467198 0.0027266681
0.0000616838 0.0013778685
0.0000000000 0.0000001781
0.0000616838 -0.0014058984
0.0002467198 -0.0028179948
0.0005550625 -0.0042311261
0.0009866358 -0.0056419167
0.0015413331 -0.0070477433
0.0022190177 -0.0084464581
0.0030195223 -0.0098362581
0.0039426493 -0.0112156103
0.0049881711 -0.0125832020
0.0061558297 -0.0139379057
0.0074453369 -0.0152787517
0.0088563746 -0.0166049068
0.0103885947 -0.0179156560
0.0120416190 -0.0192103862
0.0138150398 -0.0204885724
0.0157084194 -0.0217497649
0.0177212908 -0.0229935773
0.0198531572 -0.0242196762
0.0221034926 -0.0254277712
0.0244717419 -0.0266176063
0.0269573206 -0.0277889520
0.0295596155 -0.0289415991
0.0322779846 -0.0300753527
0.0351117571 -0.0311900276
0.0380602337 -0.0322854455
0.0411226872 -0.0333614322
0.0442983617 -0.0344178163
0.0475864738 -0.0354544291
0.0509862121 -0.0364711047
0.0544967379 -0.0374676813
0.0581171850 -0.0384440020
0.0618466600 -0.0393999175
0.0656842428 -0.0403352869
0.0696289865 -0.0412499799
0.0736799178 -0.0421438779
0.0778360372 -0.0430168751
0.0820963193 -0.0438688783
0.0864597129 -0.0446998065
0.0909251413 -0.0455095896
0.0954915028 -0.0462981661
0.1001576708 -0.0470654801
0.1049224938 -0.0478114772
0.1097847963 -0.0485361004
0.1147433786 -0.0492392849
0.1197970172 -0.0499209528
0.1249444652 -0.0505810076
0.1301844525 -0.0512193293
0.1355156863 -0.0518357695
0.1409368511 -0.0524301471
0.1464466094 -0.0530022456
0.1520436017 -0.0535518107
0.1577264470 -0.0540785502
0.1634937432 -0.0545821346
0.1693440673 -0.0550622001
0.1752759758 -0.0555183532
0.1812880051 -0.0559501762
0.1873786718 -0.0563572360
0.1935464732 -0.0567390926
0.1997898873 -0.0570953103
0.2061073739 -0.0574254693
0.2124973740 -0.0577291781
0.2189583111 -0.0580060867
0.2254885910 -0.0582558992
0.2320866025 -0.0584783863
0.2387507176 -0.0586733968
0.2454792921 -0.0588408681
0.2522706658 -0.0589808349
0.2591231629 -0.0590934355
0.2660350929 -0.0591789164
0.2730047501 -0.0592376338
0.2800304151 -0.0592700528
0.2871103542 -0.0592767433
0.2942428207 -0.0592583735
0.3014260547 -0.0592157004
0.3086582838 -0.0591495576
0.3159377237 -0.0590608415
0.3232625781 -0.0589504946
0.3306310399 -0.0588194881
0.3380412909 -0.0586688029
0.3454915028 -0.0584994108
0.3529798374 -0.0583122551
0.3605044470 -0.0581082322
0.3680634750 -0.0578881744
0.3756550564 -0.0576528344
0.3832773181 -0.0574028722
0.3909283793 -0.0571388447
0.3986063523 -0.0568611981
0.4063093427 -0.0565702642
0.4140354499 -0.0562662597
0.4217827675 -0.0559492891
0.4295493840 -0.0556193516
0.4373333832 -0.0552763511
0.4451328445 -0.0549201085
0.4529458433 -0.0545503783
0.4607704521 -0.0541668657
0.4686047402 -0.0537692466
0.4764467746 -0.0533571878
0.4842946205 -0.0529303679
0.4921463413 -0.0524884977
0.5000000000 -0.0520313399
0.5078536587 -0.0515587267
0.5157053795 -0.0510705754
0.5235532254 -0.0505669010
0.5313952598 -0.0500478256
0.5392295479 -0.0495135846
0.5470541567 -0.0489645280
0.5548671555 -0.0484011194
0.5626666168 -0.0478239298
0.5704506160 -0.0472336285
0.5782172325 -0.0466309703
0.5859645501 -0.0460167805
0.5936906573 -0.0453919368
0.6013936477 -0.0447573502
0.6090716207 -0.0441139443
0.6167226819 -0.0434626352
0.6243449436 -0.0428043113
0.6319365250 -0.0421398146
0.6394955530 -0.0414699240
0.6470201626 -0.0407953413
0.6545084972 -0.0401166804
0.6619587091 -0.0394344590
0.6693689601 -0.0387490961
0.6767374219 -0.0380609111
0.6840622763 -0.0373701284
0.6913417162 -0.0366768850
0.6985739453 -0.0359812418
0.7057571793 -0.0352831968
0.7128896458 -0.0345827025
0.7199695849 -0.0338796828
0.7269952499 -0.0331740525
0.7339649071 -0.0324657364
0.7408768371 -0.0317546876
0.7477293342 -0.0310409054
0.7545207079 -0.0303244500
0.7612492824 -0.0296054567
0.7679133975 -0.0288841448
0.7745114090 -0.0281608258
0.7810416889 -0.0274359060
0.7875026260 -0.0267098872
0.7938926261 -0.0259833631
0.8002101127 -0.0252570130
0.8064535268 -0.0245315925
0.8126213282 -0.0238079220
0.8187119949 -0.0230868732
0.8247240242 -0.0223693539
0.8306559327 -0.0216562934
0.8365062568 -0.0209486261
0.8422735530 -0.0202472770
0.8479563983 -0.0195531475
0.8535533906 -0.0188671026
0.8590631489 -0.0181899598
0.8644843137 -0.0175224803
0.8698155475 -0.0168653617
0.8750555348 -0.0162192321
0.8802029828 -0.0155846460
0.8852566214 -0.0149620815
0.8902152037 -0.0143519366
0.8950775062 -0.0137545271
0.8998423292 -0.0131700823
0.9045084972 -0.0125987410
0.9090748587 -0.0120405469
0.9135402871 -0.0114954434
0.9179036807 -0.0109632706
0.9221639628 -0.0104437650
0.9263200822 -0.0099365650
0.9303710135 -0.0094412229
0.9343157572 -0.0089572277
0.9381533400 -0.0084840359
0.9418828150 -0.0080211134
0.9455032621 -0.0075679820
0.9490137879 -0.0071242691
0.9524135262 -0.0066897529
0.9557016383 -0.0062643967
0.9588773128 -0.0058483671
0.9619397663 -0.0054420314
0.9648882429 -0.0050459346
0.9677220154 -0.0046607574
0.9704403845 -0.0042872616
0.9730426794 -0.0039262316
0.9755282581 -0.0035784204
0.9778965074 -0.0032445075
0.9801468428 -0.0029250730
0.9822787092 -0.0026205912
0.9842915806 -0.0023314393
0.9861849602 -0.0020579185
0.9879583810 -0.0018002801
0.9896114053 -0.0015587522
0.9911436254 -0.0013335615
0.9925546631 -0.0011249473
0.9938441703 -0.0009331680
0.9950118289 -0.0007584999
0.9960573507 -0.0006012307
0.9969804777 -0.0004616496
0.9977809823 -0.0003400370
0.9984586669 -0.0002366536
0.9990133642 -0.0001517321
0.9994449375 -0.0000854701
0.9997532802 -0.0000380253
0.9999383162 -0.0000095121
1.0000000000 0.0000000000
