STATIC_OPT
1.0000000000 -0.0000000000
0.9999383162 0.0000073674
0.9997532802 0.0000294943
0.9994449375 0.0000664532
0.9990133642 0.0001183592
0.9984586669 0.0001853559
0.9977809823 0.0002675867
0.9969804777 0.0003651455
0.9960573507 0.0004780002
0.9950118289 0.0006058901
0.9938441703 0.0007482046
0.9925546631 0.0009038575
0.9911436254 0.0010711884
0.9896114053 0.0012479228
0.9879583810 0.0014312328
0.9861849602 0.0016179275
0.9842915806 0.0018047889
0.9822787092 0.0019890376
0.9801468428 0.0021688812
0.9778965074 0.0023440627
0.9755282581 0.0025163082
0.9730426794 0.0026895679
0.9704403845 0.0028699691
0.9677220154 0.0030654454
0.9648882429 0.0032850633
0.9619397663 0.0035381293
0.9588773128 0.0038332082
0.9557016383 0.0041772018
0.9524135262 0.0045746292
0.9490137879 0.0050272106
0.9455032621 0.0055338022
0.9418828150 0.0060906659
0.9381533400 0.0066920059
0.9343157572 0.0073306707
0.9303710135 0.0079989065
0.9263200822 0.0086890592
0.9221639628 0.0093941464
0.9179036807 0.0101082558
0.9135402871 0.0108267586
0.9090748587 0.0115463540
0.9045084972 0.0122649789
0.8998423292 0.0129816260
0.8950775062 0.0136961119
0.8902152037 0.0144088334
0.8852566214 0.0151205384
0.8802029828 0.0158321301
0.8750555348 0.0165445134
0.8698155475 0.0172584844
0.8644843137 0.0179746614
0.8590631489 0.0186934496
0.8535533906 0.0194150338
0.8479563983 0.0201393908
0.8422735530 0.0208663153
0.8365062568 0.0215954545
0.8306559327 0.0223263451
0.8247240242 0.0230584520
0.8187119949 0.0237912046
0.8126213282 0.0245240296
0.8064535268 0.0252563796
0.8002101127 0.0259877563
0.7938926261 0.0267177292
0.7875026260 0.0274459478
0.7810416889 0.0281721501
0.7745114090 0.0288961644
0.7679133975 0.0296179085
0.7612492824 0.0303373829
0.7545207079 0.0310546625
0.7477293342 0.0317698837
0.7408768371 0.0324832310
0.7339649071 0.0331949209
0.7269952499 0.0339051858
0.7199695849 0.0346142585
0.7128896458 0.0353223563
0.7057571793 0.0360296671
0.6985739453 0.0367363375
0.6913417162 0.0374424629
0.6840622763 0.0381480800
0.6767374219 0.0388531624
0.6693689601 0.0395576180
0.6619587091 0.0402612906
0.6545084972 0.0409639618
0.6470201626 0.0416653570
0.6394955530 0.0423651511
0.6319365250 0.0430629773
0.6243449436 0.0437584351
0.6167226819 0.0444510993
0.6090716207 0.0451405282
0.6013936477 0.0458262715
0.5936906573 0.0465078766
0.5859645501 0.0471848932
0.5782172325 0.0478568765
0.5704506160 0.0485233877
0.5626666168 0.0491839927
0.5548671555 0.0498382586
0.5470541567 0.0504857476
0.5392295479 0.0511260097
0.5313952598 0.0517585728
0.5235532254 0.0523829324
0.5157053795 0.0529985396
0.5078536587 0.0536047889
0.5000000000 0.0542010066
0.4921463413 0.0547864381
0.4842946205 0.0553602382
0.4764467746 0.0559214617
0.4686047402 0.0564690559
0.4607704521 0.0570018564
0.4529458433 0.0575185847
0.4451328445 0.0580178499
0.4373333832 0.0584981523
0.4295493840 0.0589578921
0.4217827675 0.0593953799
0.4140354499 0.0598088518
0.4063093427 0.0601964872
0.3986063523 0.0605564293
0.3909283793 0.0608868093
0.3832773181 0.0611857715
0.3756550564 0.0614515008
0.3680634750 0.0616822517
0.3605044470 0.0618763768
0.3529798374 0.0620323568
0.3454915028 0.0621488276
0.3380412909 0.0622246083
0.3306310399 0.0622587254
0.3232625781 0.0622504352
0.3159377237 0.0621992424
0.3086582838 0.0621049156
0.3014260547 0.0619674976
0.2942428207 0.0617873121
0.2871103542 0.0615649650
0.2800304151 0.0613013407
0.2730047501 0.0609975935
0.2660350929 0.0606551343
0.2591231629 0.0602756118
0.2522706658 0.0598608903
0.2454792921 0.0594130223
0.2387507176 0.0589342187
0.2320866025 0.0584268149
0.2254885910 0.0578932357
0.2189583111 0.0573359580
0.2124973740 0.0567574724
0.2061073739 0.0561602460
0.1997898873 0.0555466846
0.1935464732 0.0549190970
0.1873786718 0.0542796620
0.1812880051 0.0536303974
0.1752759758 0.0529731330
0.1693440673 0.0523094880
0.1634937432 0.0516408518
0.1577264470 0.0509683705
0.1520436017 0.0502929382
0.1464466094 0.0496151923
0.1409368511 0.0489355151
0.1355156863 0.0482540394
0.1301844525 0.0475706587
0.1249444652 0.0468850412
0.1197970172 0.0461966486
0.1147433786 0.0455047565
0.1097847963 0.0448084786
0.1049224938 0.0441067920
0.1001576708 0.0433985641
0.0954915028 0.0426825807
0.0909251413 0.0419575725
0.0864597129 0.0412222429
0.0820963193 0.0404752933
0.0778360372 0.0397154469
0.0736799178 0.0389414712
0.0696289865 0.0381521970
0.0656842428 0.0373465351
0.0618466600 0.0365234904
0.0581171850 0.0356821725
0.0544967379 0.0348218036
0.0509862121 0.0339417234
0.0475864738 0.0330413908
0.0442983617 0.0321203840
0.0411226872 0.0311783970
0.0380602337 0.0302152353
0.0351117571 0.0292308089
0.0322779846 0.0282251250
0.0295596155 0.0271982782
0.0269573206 0.0261504419
0.0244717419 0.0250818580
0.0221034926 0.0239928274
0.0198531572 0.0228837001
0.0177212908 0.0217548665
0.0157084194 0.0206067488
0.0138150398 0.0194397940
0.0120416190 0.0182544667
0.0103885947 0.0170512442
0.0088563746 0.0158306113
0.0074453369 0.0145930571
0.0061558297 0.0133390719
0.0049881711 0.0120691452
0.0039426493 0.0107837639
0.0030195223 0.0094834113
0.0022190177 0.0081685652
0.0015413331 0.0068396959
0.0009866358 0.0054972631
0.0005550625 0.0041417089
0.0002467198 0.0027734451
0.0000616838 0.0013928217
0.0000000000 0.0000001781
0.0000616838 -0.0013945157
0.0002467198 -0.0027795638
0.0005550625 -0.0041547217
0.0009866358 -0.0055195240
0.0015413331 -0.0068734697
0.0022190177 -0.0082160341
0.0030195223 -0.0095466803
0.0039426493 -0.0108648711
0.0049881711 -0.0121700790
0.0061558297 -0.0134617954
0.0074453369 -0.0147395384
0.0088563746 -0.0160028595
0.0103885947 -0.0172513483
0.0120416190 -0.0184846367
0.0138150398 -0.0197024012
0.0157084194 -0.0209043636
0.0177212908 -0.0220902921
0.0198531572 -0.0232599997
0.0221034926 -0.0244133429
0.0244717419 -0.0255502194
0.0269573206 -0.0266705654
0.0295596155 -0.0277743525
0.0322779846 -0.0288615850
0.0351117571 -0.0299322957
0.0380602337 -0.0309865436
0.0411226872 -0.0320244101
0.0442983617 -0.0330459961
0.0475864738 -0.0340514191
0.0509862121 -0.0350408103
0.0544967379 -0.0360143114
0.0581171850 -0.0369720718
0.0618466600 -0.0379142451
0.0656842428 -0.0388409862
0.0696289865 -0.0397524468
0.0736799178 -0.0406487712
0.0778360372 -0.0415300915
0.0820963193 -0.0423965223
0.0864597129 -0.0432481541
0.0909251413 -0.0440850469
0.0954915028 -0.0449072228
0.1001576708 -0.0457146585
0.1049224938 -0.0465072772
0.1097847963 -0.0472849407
0.1147433786 -0.0480474412
0.1197970172 -0.0487944942
0.1249444652 -0.0495257313
0.1301844525 -0.0502406947
0.1355156863 -0.0509388324
0.1409368511 -0.0516194952
0.1464466094 -0.0522819360
0.1520436017 -0.0529253105
0.1577264470 -0.0535486808
0.1634937432 -0.0541510211
0.1693440673 -0.0547312262
0.1752759758 -0.0552881228
0.1812880051 -0.0558204827
0.1873786718 -0.0563270390
0.1935464732 -0.0568065047
0.1997898873 -0.0572575922
0.2061073739 -0.0576790354
0.2124973740 -0.0580696124
0.2189583111 -0.0584281690
0.2254885910 -0.0587536419
0.2320866025 -0.0590450820
0.2387507176 -0.0593016763
0.2454792921 -0.0595227679
0.2522706658 -0.0597078744
0.2591231629 -0.0598567029
0.2660350929 -0.0599691622
0.2730047501 -0.0600453714
0.2800304151 -0.0600856641
0.2871103542 -0.0600905887
0.2942428207 -0.0600609045
0.3014260547 -0.0599975732
0.3086582838 -0.0599017463
0.3159377237 -0.0597747482
0.3232625781 -0.0596180560
0.3306310399 -0.0594332756
0.3380412909 -0.0592221149
0.3454915028 -0.0589863556
0.3529798374 -0.0587278221
0.3605044470 -0.0584483513
0.3680634750 -0.0581497606
0.3756550564 -0.0578338175
0.3832773181 -0.0575022111
0.3909283793 -0.0571565243
0.3986063523 -0.0567982105
0.4063093427 -0.0564285723
0.4140354499 -0.0560487449
0.4217827675 -0.0556596839
0.4295493840 -0.0552621573
0.4373333832 -0.0548567424
0.4451328445 -0.0544438284
0.4529458433 -0.0540236221
0.4607704521 -0.0535961600
0.4686047402 -0.0531613236
0.4764467746 -0.0527188581
0.4842946205 -0.0522683956
0.4921463413 -0.0518094798
0.5000000000 -0.0513415926
0.5078536587 -0.0508641825
0.5157053795 -0.0503766921
0.5235532254 -0.0498785860
0.5313952598 -0.0493693769
0.5392295479 -0.0488486492
0.5470541567 -0.0483160807
0.5548671555 -0.0477714598
0.5626666168 -0.0472146993
0.5704506160 -0.0466458457
0.5782172325 -0.0460650838
0.5859645501 -0.0454727366
0.5936906573 -0.0448692606
0.6013936477 -0.0442552362
0.6090716207 -0.0436313543
0.6167226819 -0.0429983994
0.6243449436 -0.0423572285
0.6319365250 -0.0417087489
0.6394955530 -0.0410538938
0.6470201626 -0.0403935973
0.6545084972 -0.0397287691
0.6619587091 -0.0390602712
0.6693689601 -0.0383888960
0.6767374219 -0.0377153471
0.6840622763 -0.0370402239
0.6913417162 -0.0363640101
0.6985739453 -0.0356870670
0.7057571793 -0.0350096314
0.7128896458 -0.0343318185
0.7199695849 -0.0336536297
0.7269952499 -0.0329749652
0.7339649071 -0.0322956401
0.7408768371 -0.0316154047
0.7477293342 -0.0309339671
0.7545207079 -0.0302510172
0.7612492824 -0.0295662527
0.7679133975 -0.0288794032
0.7745114090 -0.0281902545
0.7810416889 -0.0274986697
0.7875026260 -0.0268046074
0.7938926261 -0.0261081359
0.8002101127 -0.0254094427
0.8064535268 -0.0247088382
0.8126213282 -0.0240067550
0.8187119949 -0.0233037406
0.8247240242 -0.0226004444
0.8306559327 -0.0218976001
0.8365062568 -0.0211960028
0.8422735530 -0.0204964817
0.8479563983 -0.0197998702
0.8535533906 -0.0191069738
0.8590631489 -0.0184185376
0.8644843137 -0.0177352163
0.8698155475 -0.0170575477
0.8750555348 -0.0163859338
0.8802029828 -0.0157206324
0.8852566214 -0.0150617630
0.8902152037 -0.0144093300
0.8950775062 -0.0137632668
0.8998423292 -0.0131235013
0.9045084972 -0.0124900432
0.9090748587 -0.0118630872
0.9135402871 -0.0112431261
0.9179036807 -0.0106310594
0.9221639628 -0.0100282812
0.9263200822 -0.0094367293
0.9303710135 -0.0088588733
0.9343157572 -0.0082976298
0.9381533400 -0.0077561939
0.9418828150 -0.0072377936
0.9455032621 -0.0067453860
0.9490137879 -0.0062813307
0.9524135262 -0.0058470847
0.9557016383 -0.0054429706
0.9588773128 -0.0050680642
0.9619397663 -0.0047202293
0.9648882429 -0.0043963091
0.9677220154 -0.0040924520
0.9704403845 -0.0038045264
0.9730426794 -0.0035285610
0.9755282581 -0.0032611446
0.9778965074 -0.0029997264
0.9801468428 -0.0027427808
0.9822787092 -0.0024898254
0.9842915806 -0.0022413097
0.9861849602 -0.0019984113
0.9879583810 -0.0017627844
0.9896114053 -0.0015363091
0.9911436254 -0.0013208756
0.9925546631 -0.0011182268
0.9938441703 -0.0009298642
0.9950118289 -0.0007570126
0.9960573507 -0.0006006287
0.9969804777 -0.0004614361
0.9977809823 -0.0003399732
0.9984586669 -0.0002366385
0.9990133642 -0.0001517295
0.9994449375 -0.0000854699
0.9997532802 -0.0000380253
0.9999383162 -0.0000095121
1.0000000000 0.0000000000
