INITIAL_RANDOM
1.0000000000 -0.0000000000
0.9999383162 0.0000073674
0.9997532802 0.0000294943
0.9994449375 0.0000664537
0.9990133642 0.0001183643
0.9984586669 0.0001853859
0.9977809823 0.0002677134
0.9969804777 0.0003655692
0.9960573507 0.0004791948
0.9950118289 0.0006088417
0.9938441703 0.0007547613
0.9925546631 0.0009171950
0.9911436254 0.0010963648
0.9896114053 0.0012924640
0.9879583810 0.0015056485
0.9861849602 0.0017360302
0.9842915806 0.0019836706
0.9822787092 0.0022485764
0.9801468428 0.0025306968
0.9778965074 0.0028299217
0.9755282581 0.0031460828
0.9730426794 0.0034789549
0.9704403845 0.0038282592
0.9677220154 0.0041936684
0.9648882429 0.0045748119
0.9619397663 0.0049712826
0.9588773128 0.0053826437
0.9557016383 0.0058084367
0.9524135262 0.0062481887
0.9490137879 0.0067014204
0.9455032621 0.0071676529
0.9418828150 0.0076464150
0.9381533400 0.0081372491
0.9343157572 0.0086397173
0.9303710135 0.0091534058
0.9263200822 0.0096779287
0.9221639628 0.0102129322
0.9179036807 0.0107580958
0.9135402871 0.0113131353
0.9090748587 0.0118778031
0.9045084972 0.0124518894
0.8998423292 0.0130352217
0.8950775062 0.0136276656
0.8902152037 0.0142291232
0.8852566214 0.0148395329
0.8802029828 0.0154588685
0.8750555348 0.0160871374
0.8698155475 0.0167243796
0.8644843137 0.0173706659
0.8590631489 0.0180260954
0.8535533906 0.0186907934
0.8479563983 0.0193649085
0.8422735530 0.0200486085
0.8365062568 0.0207420767
0.8306559327 0.0214455070
0.8247240242 0.0221590979
0.8187119949 0.0228830460
0.8126213282 0.0236175394
0.8064535268 0.0243627490
0.8002101127 0.0251188204
0.7938926261 0.0258858646
0.7875026260 0.0266639484
0.7810416889 0.0274530852
0.7745114090 0.0282532250
0.7679133975 0.0290642456
0.7612492824 0.0298859434
0.7545207079 0.0307180266
0.7477293342 0.0315601075
0.7408768371 0.0324116981
0.7339649071 0.0332722062
0.7269952499 0.0341409335
0.7199695849 0.0350170762
0.7128896458 0.0358997269
0.7057571793 0.0367878790
0.6985739453 0.0376804331
0.6913417162 0.0385762057
0.6840622763 0.0394739387
0.6767374219 0.0403723120
0.6693689601 0.0412699558
0.6619587091 0.0421654653
0.6545084972 0.0430574149
0.6470201626 0.0439443736
0.6394955530 0.0448249192
0.6319365250 0.0456976525
0.6243449436 0.0465612106
0.6167226819 0.0474142786
0.6090716207 0.0482555992
0.6013936477 0.0490839806
0.5936906573 0.0498983024
0.5859645501 0.0506975187
0.5782172325 0.0514806582
0.5704506160 0.0522468228
0.5626666168 0.0529951827
0.5548671555 0.0537249699
0.5470541567 0.0544354688
0.5392295479 0.0551260057
0.5313952598 0.0557959363
0.5235532254 0.0564446323
0.5157053795 0.0570714676
0.5078536587 0.0576758041
0.5000000000 0.0582569778
0.4921463413 0.0588142864
0.4842946205 0.0593469774
0.4764467746 0.0598542387
0.4686047402 0.0603351918
0.4607704521 0.0607888864
0.4529458433 0.0612142995
0.4451328445 0.0616103367
0.4373333832 0.0619758374
0.4295493840 0.0623095830
0.4217827675 0.0626103090
0.4140354499 0.0628767200
0.4063093427 0.0631075078
0.3986063523 0.0633013728
0.3909283793 0.0634570465
0.3832773181 0.0635733175
0.3756550564 0.0636490573
0.3680634750 0.0636832481
0.3605044470 0.0636750095
0.3529798374 0.0636236260
0.3454915028 0.0635285718
0.3380412909 0.0633895346
0.3306310399 0.0632064370
0.3232625781 0.0629794536
0.3159377237 0.0627090258
0.3086582838 0.0623958713
0.3014260547 0.0620409894
0.2942428207 0.0616456616
0.2871103542 0.0612114465
0.2800304151 0.0607401702
0.2730047501 0.0602339109
0.2660350929 0.0596949790
0.2591231629 0.0591258919
0.2522706658 0.0585293451
0.2454792921 0.0579081787
0.2387507176 0.0572653413
0.2320866025 0.0566038507
0.2254885910 0.0559267531
0.2189583111 0.0552370808
0.2124973740 0.0545378099
0.2061073739 0.0538318189
0.1997898873 0.0531218475
0.1935464732 0.0524104592
0.1873786718 0.0517000053
0.1812880051 0.0509925936
0.1752759758 0.0502900608
0.1693440673 0.0495939498
0.1634937432 0.0489054924
0.1577264470 0.0482255970
0.1520436017 0.0475548420
0.1464466094 0.0468934756
0.1409368511 0.0462414199
0.1355156863 0.0455982816
0.1301844525 0.0449633667
0.1249444652 0.0443357009
0.1197970172 0.0437140532
0.1147433786 0.0430969634
0.1097847963 0.0424827726
0.1049224938 0.0418696556
0.1001576708 0.0412556548
0.0954915028 0.0406387152
0.0909251413 0.0400167188
0.0864597129 0.0393875188
0.0820963193 0.0387489729
0.0778360372 0.0380989733
0.0736799178 0.0374354763
0.0696289865 0.0367565277
0.0656842428 0.0360602858
0.0618466600 0.0353450408
0.0581171850 0.0346092311
0.0544967379 0.0338514553
0.0509862121 0.0330704820
0.0475864738 0.0322652550
0.0442983617 0.0314348960
0.0411226872 0.0305787041
0.0380602337 0.0296961531
0.0351117571 0.0287868853
0.0322779846 0.0278507050
0.0295596155 0.0268875688
0.0269573206 0.0258975756
0.0244717419 0.0248809555
0.0221034926 0.0238380576
0.0198531572 0.0227693384
0.0177212908 0.0216753492
0.0157084194 0.0205567250
0.0138150398 0.0194141721
0.0120416190 0.0182484583
0.0103885947 0.0170604021
0.0088563746 0.0158508634
0.0074453369 0.0146207355
0.0061558297 0.0133709369
0.0049881711 0.0121024051
0.0039426493 0.0108160899
0.0030195223 0.0095129488
0.0022190177 0.0081939421
0.0015413331 0.0068600292
0.0009866358 0.0055121653
0.0005550625 0.0041512983
0.0002467198 0.0027783663
0.0000616838 0.0013942960
0.0000000000 0.0000001781
0.0000616838 -0.0013944058
0.0002467198 -0.0027792462
0.0005550625 -0.0041542757
0.0009866358 -0.0055192493
0.0015413331 -0.0068739304
0.0022190177 -0.0082180979
0.0030195223 -0.0095515536
0.0039426493 -0.0108741265
0.0049881711 -0.0121856781
0.0061558297 -0.0134861047
0.0074453369 -0.0147753395
0.0088563746 -0.0160533525
0.0103885947 -0.0173201498
0.0120416190 -0.0185757714
0.0138150398 -0.0198202875
0.0157084194 -0.0210537950
0.0177212908 -0.0222764118
0.0198531572 -0.0234882716
0.0221034926 -0.0246895180
0.0244717419 -0.0258802983
0.0269573206 -0.0270607572
0.0295596155 -0.0282310315
0.0322779846 -0.0293912440
0.0351117571 -0.0305414988
0.0380602337 -0.0316818768
0.0411226872 -0.0328124318
0.0442983617 -0.0339331872
0.0475864738 -0.0350441337
0.0509862121 -0.0361452267
0.0544967379 -0.0372363853
0.0581171850 -0.0383174905
0.0618466600 -0.0393883849
0.0656842428 -0.0404488706
0.0696289865 -0.0414987094
0.0736799178 -0.0425376204
0.0778360372 -0.0435652793
0.0820963193 -0.0445813155
0.0864597129 -0.0455853102
0.0909251413 -0.0465767929
0.0954915028 -0.0475552377
0.1001576708 -0.0485200596
0.1049224938 -0.0494706093
0.1097847963 -0.0504061693
0.1147433786 -0.0513259483
0.1197970172 -0.0522290775
0.1249444652 -0.0531146058
0.1301844525 -0.0539814970
0.1355156863 -0.0548286273
0.1409368511 -0.0556547842
0.1464466094 -0.0564586673
0.1520436017 -0.0572388906
0.1577264470 -0.0579939875
0.1634937432 -0.0587224171
0.1693440673 -0.0594225734
0.1752759758 -0.0600927973
0.1812880051 -0.0607313900
0.1873786718 -0.0613366296
0.1935464732 -0.0619067893
0.1997898873 -0.0624401573
0.2061073739 -0.0629350591
0.2124973740 -0.0633898798
0.2189583111 -0.0638030876
0.2254885910 -0.0641732579
0.2320866025 -0.0644990964
0.2387507176 -0.0647794615
0.2454792921 -0.0650133858
0.2522706658 -0.0652000944
0.2591231629 -0.0653390225
0.2660350929 -0.0654298281
0.2730047501 -0.0654724033
0.2800304151 -0.0654668804
0.2871103542 -0.0654136348
0.2942428207 -0.0653132842
0.3014260547 -0.0651666827
0.3086582838 -0.0649749119
0.3159377237 -0.0647392674
0.3232625781 -0.0644612422
0.3306310399 -0.0641425065
0.3380412909 -0.0637848846
0.3454915028 -0.0633903296
0.3529798374 -0.0629608970
0.3605044470 -0.0624987155
0.3680634750 -0.0620059595
0.3756550564 -0.0614848197
0.3832773181 -0.0609374761
0.3909283793 -0.0603660715
0.3986063523 -0.0597726876
0.4063093427 -0.0591593228
0.4140354499 -0.0585278744
0.4217827675 -0.0578801226
0.4295493840 -0.0572177192
0.4373333832 -0.0565421793
0.4451328445 -0.0558548779
0.4529458433 -0.0551570490
0.4607704521 -0.0544497890
0.4686047402 -0.0537340637
0.4764467746 -0.0530107179
0.4842946205 -0.0522804877
0.4921463413 -0.0515440151
0.5000000000 -0.0508018640
0.5078536587 -0.0500545375
0.5157053795 -0.0493024955
0.5235532254 -0.0485461720
0.5313952598 -0.0477859919
0.5392295479 -0.0470223870
0.5470541567 -0.0462558091
0.5548671555 -0.0454867426
0.5626666168 -0.0447157134
0.5704506160 -0.0439432956
0.5782172325 -0.0431701152
0.5859645501 -0.0423968515
0.5936906573 -0.0416242343
0.6013936477 -0.0408530398
0.6090716207 -0.0400840827
0.6167226819 -0.0393182071
0.6243449436 -0.0385562743
0.6319365250 -0.0377991502
0.6394955530 -0.0370476908
0.6470201626 -0.0363027273
0.6545084972 -0.0355650513
0.6619587091 -0.0348354004
0.6693689601 -0.0341144439
0.6767374219 -0.0334027706
0.6840622763 -0.0327008779
0.6913417162 -0.0320091629
0.6985739453 -0.0313279155
0.7057571793 -0.0306573143
0.7128896458 -0.0299974250
0.7199695849 -0.0293482009
0.7269952499 -0.0287094865
0.7339649071 -0.0280810233
0.7408768371 -0.0274624578
0.7477293342 -0.0268533517
0.7545207079 -0.0262531933
0.7612492824 -0.0256614110
0.7679133975 -0.0250773870
0.7745114090 -0.0245004725
0.7810416889 -0.0239300022
0.7875026260 -0.0233653093
0.7938926261 -0.0228057398
0.8002101127 -0.0222506658
0.8064535268 -0.0216994979
0.8126213282 -0.0211516959
0.8187119949 -0.0206067781
0.8247240242 -0.0200643291
0.8306559327 -0.0195240049
0.8365062568 -0.0189855371
0.8422735530 -0.0184487350
0.8479563983 -0.0179134853
0.8535533906 -0.0173797507
0.8590631489 -0.0168475675
0.8644843137 -0.0163170404
0.8698155475 -0.0157883378
0.8750555348 -0.0152616853
0.8802029828 -0.0147373589
0.8852566214 -0.0142156778
0.8902152037 -0.0136969971
0.8950775062 -0.0131817002
0.8998423292 -0.0126701926
0.9045084972 -0.0121628948
0.9090748587 -0.0116602363
0.9135402871 -0.0111626514
0.9179036807 -0.0106705738
0.9221639628 -0.0101844339
0.9263200822 -0.0097046559
0.9303710135 -0.0092316564
0.9343157572 -0.0087658432
0.9381533400 -0.0083076156
0.9418828150 -0.0078573644
0.9455032621 -0.0074154738
0.9490137879 -0.0069823222
0.9524135262 -0.0065582846
0.9557016383 -0.0061437345
0.9588773128 -0.0057390462
0.9619397663 -0.0053445965
0.9648882429 -0.0049607669
0.9677220154 -0.0045879454
0.9704403845 -0.0042265273
0.9730426794 -0.0038769164
0.9755282581 -0.0035395253
0.9778965074 -0.0032147751
0.9801468428 -0.0029030946
0.9822787092 -0.0026049196
0.9842915806 -0.0023206903
0.9861849602 -0.0020508497
0.9879583810 -0.0017958405
0.9896114053 -0.0015561019
0.9911436254 -0.0013320667
0.9925546631 -0.0011241568
0.9938441703 -0.0009327800
0.9950118289 -0.0007583254
0.9960573507 -0.0006011601
0.9969804777 -0.0004616246
0.9977809823 -0.0003400295
0.9984586669 -0.0002366518
0.9990133642 -0.0001517318
0.9994449375 -0.0000854701
0.9997532802 -0.0000380253
0.9999383162 -0.0000095121
1.0000000000 0.0000000000
