1.0000000000 0.2978200000
0.9918600000 0.2552900000
0.9810200000 0.2177300000
0.9686000000 0.1715000000
0.9549000000 0.1269000000
0.9402300000 0.0962300000
0.9247000000 0.0753400000
0.9085200000 0.0564400000
0.8920000000 0.0374400000
0.8753500000 0.0190900000
0.8586500000 0.0020400000
0.8419300000 -0.0137000000
0.8251800000 -0.0284400000
0.8084200000 -0.0425600000
0.7916500000 -0.0564100000
0.7748700000 -0.0702400000
0.7581100000 -0.0842300000
0.7413600000 -0.0984100000
0.7246500000 -0.1127400000
0.7079800000 -0.1270900000
0.6913600000 -0.1412500000
0.6747700000 -0.1550100000
0.6582300000 -0.1681100000
0.6417100000 -0.1803300000
0.6252100000 -0.1915000000
0.6087200000 -0.2015000000
0.5922200000 -0.2102800000
0.5756900000 -0.2178300000
0.5591400000 -0.2242100000
0.5425500000 -0.2296000000
0.5259200000 -0.2347400000
0.5092700000 -0.2428700000
0.4925900000 -0.2655300000
0.4759200000 -0.3152700000
0.4592700000 -0.3362100000
0.4426600000 -0.3457300000
0.4261100000 -0.3573500000
0.4096600000 -0.3703700000
0.3933000000 -0.3846500000
0.3770600000 -0.4000200000
0.3609400000 -0.4160900000
0.3449300000 -0.4322400000
0.3290300000 -0.4477200000
0.3132100000 -0.4618100000
0.2974600000 -0.4739300000
0.2817600000 -0.4837000000
0.2660700000 -0.4910800000
0.2503700000 -0.4963200000
0.2346500000 -0.5000600000
0.2189000000 -0.5033100000
0.2031200000 -0.5073700000
0.1873500000 -0.5137500000
0.1716400000 -0.5239300000
0.1561100000 -0.5390700000
0.1408700000 -0.5597500000
0.1260800000 -0.5857800000
0.1119100000 -0.6161000000
0.0985400000 -0.6487900000
0.0861300000 -0.6811300000
0.0747800000 -0.7100200000
0.0645700000 -0.7327300000
0.0555100000 -0.7475300000
0.0475700000 -0.7539200000
0.0406500000 -0.7523700000
0.0346400000 -0.7438800000
0.0294200000 -0.7294900000
0.0248800000 -0.7100000000
0.0209100000 -0.6857400000
0.0174200000 -0.6565000000
0.0143600000 -0.6214200000
0.0116500000 -0.5787800000
0.0092700000 -0.5258000000
0.0071800000 -0.4582900000
0.0053500000 -0.3703400000
0.0037900000 -0.2544800000
0.0025000000 -0.1031500000
0.0014700000 0.0866800000
0.0007100000 0.3063300000
0.0002400000 0.5297200000
0.0000200000 0.7238400000
0.0000300000 0.8651400000
0.0002600000 0.9577100000
0.0007300000 0.9979800000
0.0014500000 0.9882300000
0.0024200000 0.9380100000
0.0036500000 0.8611500000
0.0051400000 0.7696100000
0.0069000000 0.6737100000
0.0089300000 0.5788300000
0.0112600000 0.4890400000
0.0139100000 0.4055400000
0.0169300000 0.3290200000
0.0203600000 0.2592800000
0.0242800000 0.1959000000
0.0287800000 0.1383500000
0.0339700000 0.0861000000
0.0399700000 0.0387100000
0.0469200000 -0.0041300000
0.0549600000 -0.0425800000
0.0641800000 -0.0767100000
0.0746200000 -0.1065900000
0.0862000000 -0.1324400000
0.0987700000 -0.1546800000
0.1121600000 -0.1739300000
0.1261500000 -0.1908400000
0.1405900000 -0.2059400000
0.1553400000 -0.2195200000
0.1703200000 -0.2316600000
0.1854400000 -0.2422300000
0.2006700000 -0.2509800000
0.2159800000 -0.2576200000
0.2313600000 -0.2619200000
0.2468200000 -0.2637300000
0.2623400000 -0.2630300000
0.2779600000 -0.2599400000
0.2936600000 -0.2547100000
0.3094800000 -0.2477000000
0.3254000000 -0.2393200000
0.3414400000 -0.2300400000
0.3576000000 -0.2202900000
0.3738600000 -0.2104500000
0.3902200000 -0.2008300000
0.4066600000 -0.1916500000
0.4231600000 -0.1830500000
0.4397200000 -0.1750700000
0.4563000000 -0.1676800000
0.4729100000 -0.1608200000
0.4895200000 -0.1543600000
0.5061400000 -0.1481500000
0.5227600000 -0.1420700000
0.5393900000 -0.1360100000
0.5560200000 -0.1299100000
0.5726700000 -0.1237400000
0.5893300000 -0.1175300000
0.6060000000 -0.1113400000
0.6227000000 -0.1052300000
0.6394000000 -0.0992800000
0.6561100000 -0.0935000000
0.6728100000 -0.0879100000
0.6894900000 -0.0824700000
0.7061500000 -0.0770800000
0.7227700000 -0.0716400000
0.7393600000 -0.0660200000
0.7559300000 -0.0601600000
0.7724800000 -0.0540500000
0.7890200000 -0.0478100000
0.8055900000 -0.0416400000
0.8222000000 -0.0358200000
0.8388500000 -0.0306700000
0.8555500000 -0.0269600000
0.8722800000 0.0123700000
0.8890000000 0.0461300000
0.9056300000 0.0656900000
0.9220900000 0.0795600000
0.9382200000 0.0940700000
0.9537100000 0.1105300000
0.9680700000 0.1290100000
0.9808500000 0.1577100000
0.9918500000 0.2027800000
1.0000000000 0.2978200000
