ADAPTIVE_LEVEL_14_OPTIMIZED
1.0000000000 -0.0000000000
0.9999383162 0.0000073674
0.9997532802 0.0000294943
0.9994449375 0.0000664540
0.9990133642 0.0001183670
0.9984586669 0.0001854018
0.9977809823 0.0002677803
0.9969804777 0.0003657928
0.9960573507 0.0004798255
0.9950118289 0.0006104001
0.9938441703 0.0007582232
0.9925546631 0.0009242376
0.9911436254 0.0011096597
0.9896114053 0.0013159867
0.9879583810 0.0015449527
0.9861849602 0.0017984170
0.9842915806 0.0020781790
0.9822787092 0.0023857258
0.9801468428 0.0027219401
0.9778965074 0.0030868087
0.9755282581 0.0034791885
0.9730426794 0.0038966827
0.9704403845 0.0043356706
0.9677220154 0.0047915118
0.9648882429 0.0052589091
0.9619397663 0.0057323899
0.9588773128 0.0062068342
0.9557016383 0.0066779713
0.9524135262 0.0071427700
0.9490137879 0.0075996674
0.9455032621 0.0080486127
0.9418828150 0.0084909323
0.9381533400 0.0089290527
0.9343157572 0.0093661347
0.9303710135 0.0098056786
0.9263200822 0.0102511550
0.9221639628 0.0107057020
0.9179036807 0.0111719127
0.9135402871 0.0116517192
0.9090748587 0.0121463646
0.9045084972 0.0126564454
0.8998423292 0.0131820019
0.8950775062 0.0137226359
0.8902152037 0.0142776338
0.8852566214 0.0148460841
0.8802029828 0.0154269777
0.8750555348 0.0160192879
0.8698155475 0.0166220280
0.8644843137 0.0172342899
0.8590631489 0.0178552653
0.8535533906 0.0184842537
0.8479563983 0.0191206615
0.8422735530 0.0197639938
0.8365062568 0.0204138432
0.8306559327 0.0210698762
0.8247240242 0.0217318195
0.8187119949 0.0223994456
0.8126213282 0.0230725605
0.8064535268 0.0237509907
0.8002101127 0.0244345725
0.7938926261 0.0251231418
0.7875026260 0.0258165243
0.7810416889 0.0265145278
0.7745114090 0.0272169342
0.7679133975 0.0279234934
0.7612492824 0.0286339176
0.7545207079 0.0293478772
0.7477293342 0.0300649975
0.7408768371 0.0307848573
0.7339649071 0.0315069882
0.7269952499 0.0322308767
0.7199695849 0.0329559663
0.7128896458 0.0336816626
0.7057571793 0.0344073393
0.6985739453 0.0351323456
0.6913417162 0.0358560154
0.6840622763 0.0365776770
0.6767374219 0.0372966640
0.6693689601 0.0380123267
0.6619587091 0.0387240438
0.6545084972 0.0394312332
0.6470201626 0.0401333632
0.6394955530 0.0408299621
0.6319365250 0.0415206265
0.6243449436 0.0422050277
0.6167226819 0.0428829166
0.6090716207 0.0435541256
0.6013936477 0.0442185680
0.5936906573 0.0448762351
0.5859645501 0.0455271899
0.5782172325 0.0461715587
0.5704506160 0.0468095189
0.5626666168 0.0474412853
0.5548671555 0.0480670937
0.5470541567 0.0486871823
0.5392295479 0.0493017722
0.5313952598 0.0499110458
0.5235532254 0.0505151260
0.5157053795 0.0511140542
0.5078536587 0.0517077695
0.5000000000 0.0522960891
0.4921463413 0.0528786900
0.4842946205 0.0534550938
0.4764467746 0.0540246536
0.4686047402 0.0545865442
0.4607704521 0.0551397571
0.4529458433 0.0556830978
0.4451328445 0.0562151887
0.4373333832 0.0567344760
0.4295493840 0.0572392404
0.4217827675 0.0577276132
0.4140354499 0.0581975958
0.4063093427 0.0586470829
0.3986063523 0.0590738899
0.3909283793 0.0594757829
0.3832773181 0.0598505109
0.3756550564 0.0601958401
0.3680634750 0.0605095894
0.3605044470 0.0607896660
0.3529798374 0.0610341010
0.3454915028 0.0612410833
0.3380412909 0.0614089922
0.3306310399 0.0615364273
0.3232625781 0.0616222346
0.3159377237 0.0616655291
0.3086582838 0.0616657132
0.3014260547 0.0616224893
0.2942428207 0.0615358680
0.2871103542 0.0614061704
0.2800304151 0.0612340246
0.2730047501 0.0610203569
0.2660350929 0.0607663770
0.2591231629 0.0604735588
0.2522706658 0.0601436151
0.2454792921 0.0597784691
0.2387507176 0.0593802209
0.2320866025 0.0589511121
0.2254885910 0.0584934866
0.2189583111 0.0580097512
0.2124973740 0.0575023339
0.2061073739 0.0569736439
0.1997898873 0.0564260311
0.1935464732 0.0558617480
0.1873786718 0.0552829144
0.1812880051 0.0546914842
0.1752759758 0.0540892178
0.1693440673 0.0534776571
0.1634937432 0.0528581064
0.1577264470 0.0522316185
0.1520436017 0.0515989853
0.1464466094 0.0509607349
0.1409368511 0.0503171330
0.1355156863 0.0496681904
0.1301844525 0.0490136744
0.1249444652 0.0483531257
0.1197970172 0.0476858785
0.1147433786 0.0470110843
0.1097847963 0.0463277381
0.1049224938 0.0456347077
0.1001576708 0.0449307629
0.0954915028 0.0442146065
0.0909251413 0.0434849052
0.0864597129 0.0427403190
0.0820963193 0.0419795302
0.0778360372 0.0412012702
0.0736799178 0.0404043438
0.0696289865 0.0395876511
0.0656842428 0.0387502059
0.0618466600 0.0378911510
0.0581171850 0.0370097704
0.0544967379 0.0361054972
0.0509862121 0.0351779189
0.0475864738 0.0342267784
0.0442983617 0.0332519730
0.0411226872 0.0322535494
0.0380602337 0.0312316967
0.0351117571 0.0301867367
0.0322779846 0.0291191124
0.0295596155 0.0280293751
0.0269573206 0.0269181703
0.0244717419 0.0257862219
0.0221034926 0.0246343173
0.0198531572 0.0234632914
0.0177212908 0.0222740107
0.0157084194 0.0210673584
0.0138150398 0.0198442199
0.0120416190 0.0186054687
0.0103885947 0.0173519540
0.0088563746 0.0160844891
0.0074453369 0.0148038411
0.0061558297 0.0135107220
0.0049881711 0.0122057811
0.0039426493 0.0108895989
0.0030195223 0.0095626822
0.0022190177 0.0082254614
0.0015413331 0.0068782882
0.0009866358 0.0055214357
0.0005550625 0.0041550990
0.0002467198 0.0027793976
0.0000616838 0.0013943769
0.0000000000 0.0000001781
0.0000616838 -0.0014045578
0.0002467198 -0.0028134738
0.0005550625 -0.0042221551
0.0009866358 -0.0056275850
0.0015413331 -0.0070274090
0.0022190177 -0.0084196911
0.0030195223 -0.0098027995
0.0039426493 -0.0111753409
0.0049881711 -0.0125361176
0.0061558297 -0.0138840970
0.0074453369 -0.0152183887
0.0088563746 -0.0165382253
0.0103885947 -0.0178429473
0.0120416190 -0.0191319893
0.0138150398 -0.0204048676
0.0157084194 -0.0216611693
0.0177212908 -0.0229005426
0.0198531572 -0.0241226867
0.0221034926 -0.0253273442
0.0244717419 -0.0265142928
0.0269573206 -0.0276833391
0.0295596155 -0.0288343125
0.0322779846 -0.0299670602
0.0351117571 -0.0310814438
0.0380602337 -0.0321773356
0.0411226872 -0.0332546174
0.0442983617 -0.0343131785
0.0475864738 -0.0353529158
0.0509862121 -0.0363737338
0.0544967379 -0.0373755452
0.0581171850 -0.0383582718
0.0618466600 -0.0393218456
0.0656842428 -0.0402662096
0.0696289865 -0.0411913186
0.0736799178 -0.0420971391
0.0778360372 -0.0429836490
0.0820963193 -0.0438508363
0.0864597129 -0.0446986969
0.0909251413 -0.0455272315
0.0954915028 -0.0463364418
0.1001576708 -0.0471263254
0.1049224938 -0.0478968701
0.1097847963 -0.0486480478
0.1147433786 -0.0493798072
0.1197970172 -0.0500920671
0.1249444652 -0.0507847088
0.1301844525 -0.0514575698
0.1355156863 -0.0521104370
0.1409368511 -0.0527430418
0.1464466094 -0.0533550554
0.1520436017 -0.0539460863
0.1577264470 -0.0545156790
0.1634937432 -0.0550633150
0.1693440673 -0.0555884155
0.1752759758 -0.0560903460
0.1812880051 -0.0565684240
0.1873786718 -0.0570219274
0.1935464732 -0.0574501059
0.1997898873 -0.0578521938
0.2061073739 -0.0582274243
0.2124973740 -0.0585750449
0.2189583111 -0.0588943337
0.2254885910 -0.0591846161
0.2320866025 -0.0594452810
0.2387507176 -0.0596757977
0.2454792921 -0.0598757297
0.2522706658 -0.0600447496
0.2591231629 -0.0601826496
0.2660350929 -0.0602893519
0.2730047501 -0.0603649149
0.2800304151 -0.0604095377
0.2871103542 -0.0604235611
0.2942428207 -0.0604074651
0.3014260547 -0.0603618647
0.3086582838 -0.0602875007
0.3159377237 -0.0601852295
0.3232625781 -0.0600560095
0.3306310399 -0.0599008853
0.3380412909 -0.0597209700
0.3454915028 -0.0595174270
0.3529798374 -0.0592914499
0.3605044470 -0.0590442430
0.3680634750 -0.0587770014
0.3756550564 -0.0584908928
0.3832773181 -0.0581870396
0.3909283793 -0.0578665038
0.3986063523 -0.0575302734
0.4063093427 -0.0571792518
0.4140354499 -0.0568142501
0.4217827675 -0.0564359820
0.4295493840 -0.0560450621
0.4373333832 -0.0556420071
0.4451328445 -0.0552272404
0.4529458433 -0.0548010981
0.4607704521 -0.0543638393
0.4686047402 -0.0539156563
0.4764467746 -0.0534566881
0.4842946205 -0.0529870338
0.4921463413 -0.0525067667
0.5000000000 -0.0520159485
0.5078536587 -0.0515146429
0.5157053795 -0.0510029278
0.5235532254 -0.0504809064
0.5313952598 -0.0499487155
0.5392295479 -0.0494065322
0.5470541567 -0.0488545781
0.5548671555 -0.0482931201
0.5626666168 -0.0477224697
0.5704506160 -0.0471429786
0.5782172325 -0.0465550326
0.5859645501 -0.0459590435
0.5936906573 -0.0453554393
0.6013936477 -0.0447446528
0.6090716207 -0.0441271104
0.6167226819 -0.0435032200
0.6243449436 -0.0428733601
0.6319365250 -0.0422378694
0.6394955530 -0.0415970384
0.6470201626 -0.0409511028
0.6545084972 -0.0403002393
0.6619587091 -0.0396445643
0.6693689601 -0.0389841355
0.6767374219 -0.0383189557
0.6840622763 -0.0376489806
0.6913417162 -0.0369741283
0.6985739453 -0.0362942912
0.7057571793 -0.0356093503
0.7128896458 -0.0349191905
0.7199695849 -0.0342237162
0.7269952499 -0.0335228682
0.7339649071 -0.0328166390
0.7408768371 -0.0321050874
0.7477293342 -0.0313883519
0.7545207079 -0.0306666607
0.7612492824 -0.0299403407
0.7679133975 -0.0292098217
0.7745114090 -0.0284756390
0.7810416889 -0.0277384315
0.7875026260 -0.0269989379
0.7938926261 -0.0262579885
0.8002101127 -0.0255164954
0.8064535268 -0.0247754397
0.8126213282 -0.0240358576
0.8187119949 -0.0232988245
0.8247240242 -0.0225654393
0.8306559327 -0.0218368079
0.8365062568 -0.0211140283
0.8422735530 -0.0203981760
0.8479563983 -0.0196902913
0.8535533906 -0.0189913691
0.8590631489 -0.0183023495
0.8644843137 -0.0176241115
0.8698155475 -0.0169574680
0.8750555348 -0.0163031610
0.8802029828 -0.0156618580
0.8852566214 -0.0150341466
0.8902152037 -0.0144205277
0.8950775062 -0.0138214048
0.8998423292 -0.0132370701
0.9045084972 -0.0126676857
0.9090748587 -0.0121132630
0.9135402871 -0.0115736395
0.9179036807 -0.0110484595
0.9221639628 -0.0105371604
0.9263200822 -0.0100389730
0.9303710135 -0.0095529390
0.9343157572 -0.0090779514
0.9381533400 -0.0086128199
0.9418828150 -0.0081563586
0.9455032621 -0.0077074907
0.9490137879 -0.0072653591
0.9524135262 -0.0068294280
0.9557016383 -0.0063995607
0.9588773128 -0.0059760595
0.9619397663 -0.0055596570
0.9648882429 -0.0051514589
0.9677220154 -0.0047528432
0.9704403845 -0.0043653307
0.9730426794 -0.0039904461
0.9755282581 -0.0036295915
0.9778965074 -0.0032839485
0.9801468428 -0.0029544228
0.9822787092 -0.0026416320
0.9842915806 -0.0023459343
0.9861849602 -0.0020674847
0.9879583810 -0.0018063058
0.9896114053 -0.0015623579
0.9911436254 -0.0013355991
0.9925546631 -0.0011260266
0.9938441703 -0.0009336985
0.9950118289 -0.0007587387
0.9960573507 -0.0006013273
0.9969804777 -0.0004616839
0.9977809823 -0.0003400472
0.9984586669 -0.0002366561
0.9990133642 -0.0001517325
0.9994449375 -0.0000854702
0.9997532802 -0.0000380253
0.9999383162 -0.0000095121
1.0000000000 0.0000000000
